image_width: 640
image_height: 480
camera_name: rgb_PS1080_PrimeSense
camera_matrix:
  rows: 3
  cols: 3
  data: [536.259783, 0, 305.146247, 0, 536.860015, 229.436311, 0, 0, 1]
distortion_model: plumb_bob
distortion_coefficients:
  rows: 1
  cols: 5
  data: [0.032229, -0.049851, 0.008087, -0.002235, 0]
rectification_matrix:
  rows: 3
  cols: 3
  data: [1, 0, 0, 0, 1, 0, 0, 0, 1]
projection_matrix:
  rows: 3
  cols: 4
  data: [540.560120, 0, 302.987473, 0, 0, 540.461670, 232.275625, 0, 0, 0, 1, 0]